best eval:
 epoch:8,jaccard:0.4446,ddi:0.0496,prauc:0.6906,f1:0.6007,med:16.1616
mole_med_relevanceParameter containing:
tensor([[0.1209, 0.2283, 0.5904,  ..., 0.0000, 0.0000, 0.0000],
        [0.0000, 0.0000, 0.0000,  ..., 0.0000, 0.0000, 0.0000],
        [0.0000, 0.0000, 0.0000,  ..., 0.0000, 0.0000, 0.0000],
        ...,
        [0.0000, 0.0000, 0.0000,  ..., 0.0000, 0.0000, 0.0000],
        [0.0000, 0.0000, 0.0000,  ..., 0.3333, 0.3333, 0.0000],
        [0.0000, 0.0000, 0.0000,  ..., 0.0000, 0.0000, 1.0000]],
       device='cuda:0', requires_grad=True)
rhoParameter containing:
tensor([[1., 1.],
        [1., 1.],
        [1., 1.]], device='cuda:0', requires_grad=True)
embeddings.0.weightParameter containing:
tensor([[ 0.0011,  0.0770,  0.2198,  ...,  0.0058,  0.1284, -0.1307],
        [ 0.2171, -0.1302, -0.0872,  ...,  0.2110,  0.2733, -0.0148],
        [-0.0569,  0.3720,  0.1034,  ..., -0.2297,  0.1711,  0.1575],
        ...,
        [ 0.0421,  0.0026,  0.0423,  ...,  0.1286, -0.0440, -0.1138],
        [-0.2894, -0.1698,  0.0195,  ..., -0.1172,  0.1972, -0.2378],
        [-0.0033, -0.0086, -0.0844,  ...,  0.2293,  0.0106, -0.0353]],
       device='cuda:0', requires_grad=True)
embeddings.1.weightParameter containing:
tensor([[ 0.2664,  0.0242, -0.1402,  ..., -0.1966, -0.3106,  0.0029],
        [ 0.0017, -0.3059, -0.2563,  ..., -0.0831,  0.0211,  0.1332],
        [-0.1365,  0.1110, -0.1057,  ...,  0.0705, -0.0671, -0.1367],
        ...,
        [-0.1397,  0.0391, -0.0337,  ...,  0.0349, -0.0460, -0.0366],
        [ 0.0988,  0.0549,  0.0087,  ...,  0.1475,  0.0139,  0.0809],
        [ 0.0994, -0.0245,  0.0918,  ..., -0.0727, -0.0229, -0.0847]],
       device='cuda:0', requires_grad=True)
embeddings.2.weightParameter containing:
tensor([[-0.0713,  0.0419, -0.0930,  ...,  0.0093,  0.0827,  0.0131],
        [ 0.0132,  0.0578,  0.0277,  ...,  0.0485,  0.0887, -0.0410],
        [-0.0254, -0.0083,  0.0521,  ..., -0.0709, -0.0551, -0.0343],
        ...,
        [-0.0212,  0.0604,  0.0099,  ...,  0.0433, -0.0890,  0.0832],
        [ 0.0257,  0.0929,  0.0027,  ..., -0.0207, -0.0092, -0.0098],
        [-0.0513, -0.0116,  0.0155,  ..., -0.0093,  0.0724,  0.0266]],
       device='cuda:0', requires_grad=True)
embeddings.3.weightParameter containing:
tensor([[-0.0398, -0.1254, -0.0720,  ..., -0.0085,  0.0171,  0.0075],
        [ 0.0197, -0.1174,  0.0069,  ..., -0.0662,  0.0016,  0.0577],
        [-0.0420, -0.0639,  0.0277,  ..., -0.1053,  0.0858, -0.0787],
        ...,
        [ 0.0021,  0.0311, -0.0178,  ..., -0.0457, -0.0888,  0.0819],
        [-0.0259,  0.0826, -0.0231,  ..., -0.0006,  0.0677, -0.0712],
        [ 0.0916,  0.0991,  0.0088,  ..., -0.0416, -0.0596,  0.0955]],
       device='cuda:0', requires_grad=True)
homo_graph.0.causal_weight.list_weights.0.mask_weightsParameter containing:
tensor([0.8299, 0.8951, 0.8845, 0.9988, 0.8414, 0.9655, 0.7288, 0.8591, 0.7871,
        0.7748, 1.6551, 0.9530, 0.7751, 0.9417, 1.0663, 1.4041, 0.8138, 0.7605,
        0.8843, 0.7830, 0.5599, 0.4902, 0.6298, 0.7863, 0.9280, 0.7560, 0.7386,
        0.8349, 1.3078, 1.4129, 1.0519, 1.1742, 0.4591, 0.7201, 0.8874, 0.2889,
        0.9494, 0.8307, 0.7945, 0.4921, 0.9179, 0.6996, 0.9537, 0.5808, 0.8456,
        0.8681, 1.3707, 1.3500, 1.5546, 0.6814, 1.0673, 0.8757, 1.3564, 1.1555,
        1.5065, 0.5911, 1.1451, 1.2934, 1.0211, 1.0091, 0.3844, 1.0984, 1.2232,
        0.6679], device='cuda:0', requires_grad=True)
homo_graph.0.causal_weight.list_weights.1.mask_weightsParameter containing:
tensor([1.0854, 0.9956, 0.9025, 0.7112, 0.9493, 0.6103, 1.0698, 0.9216, 0.8822,
        0.6794, 1.1474, 0.6488, 0.9219, 0.7764, 1.0643, 0.7622, 0.7718, 0.6594,
        0.9005, 0.8136, 1.0291, 1.0465, 1.0718, 0.7638, 1.1310, 0.7049, 1.4227,
        0.6905, 0.7265, 1.1004, 1.0012, 1.1297, 0.7156, 1.0325, 0.9079, 1.0378,
        1.1168, 0.9750, 0.8884, 0.7142, 0.8748, 1.1004, 0.9396, 1.0087, 0.9280,
        0.7837, 1.2155, 1.1294, 1.3986, 0.9633, 1.2668, 0.8755, 1.2240, 1.1844,
        1.2886, 0.6393, 0.6714, 1.0934, 0.7926, 1.1425, 0.9264, 0.8536, 1.0201,
        0.6947], device='cuda:0', requires_grad=True)
homo_graph.0.causal_weight.list_weights.2.mask_weightsParameter containing:
tensor([0.3276, 0.4950, 0.8845, 1.0747, 0.6573, 1.3083, 0.6557, 0.8751, 1.0172,
        0.8388, 1.0272, 1.5264, 1.0090, 1.0483, 0.9798, 0.8676, 1.0622, 0.5987,
        0.3351, 0.8451, 0.6616, 0.3993, 0.8382, 0.9204, 0.9019, 0.4479, 0.3350,
        1.4290, 1.2267, 0.8698, 0.9805, 0.7011, 0.6666, 0.7371, 0.9193, 0.1074,
        0.5988, 0.6739, 0.4503, 1.0703, 0.7219, 0.3150, 0.9942, 0.4325, 1.0391,
        0.5463, 1.1577, 1.6211, 0.7174, 0.7915, 0.9940, 0.9914, 0.9889, 0.6622,
        1.1177, 0.7712, 0.8076, 0.6197, 0.6143, 0.5526, 0.9317, 0.9148, 0.7071,
        1.0519], device='cuda:0', requires_grad=True)
homo_graph.0.causal_weight.list_weights.3.mask_weightsParameter containing:
tensor([0.3062, 0.8379, 0.1512, 1.3634, 0.5544, 0.6320, 0.1281, 0.6315, 0.9599,
        0.3396, 1.5277, 1.2276, 0.8026, 1.1558, 0.6768, 0.7657, 0.9154, 0.5627,
        0.5023, 0.4941, 0.2170, 0.5238, 0.7499, 1.0630, 1.2405, 0.3518, 0.8074,
        1.4733, 0.9572, 1.4861, 1.1587, 0.6801, 0.2371, 0.6479, 0.6664, 0.6606,
        0.5142, 0.8523, 0.5761, 1.2415, 0.6236, 0.8255, 0.4991, 0.4028, 0.9944,
        0.2744, 1.5188, 1.7513, 1.3625, 0.4429, 1.2651, 1.1408, 1.2693, 0.7974,
        1.4281, 0.3470, 0.7369, 1.0572, 0.5130, 0.6941, 0.5913, 0.7558, 0.8751,
        1.2782], device='cuda:0', requires_grad=True)
homo_graph.1.causal_weight.list_weights.0.mask_weightsParameter containing:
tensor([ 0.7964,  0.2248,  0.2915,  0.4758,  0.6656,  0.3198,  0.5175,  0.5503,
         0.5735,  0.1904,  0.7420,  0.9102,  1.1715,  0.1009,  0.6589,  0.2524,
         0.2151,  0.3062,  0.5618, -0.0469,  0.2805,  0.3183,  0.3680,  0.8324,
         0.4260,  0.5669,  0.2248,  0.2496,  0.2931,  0.5673,  0.6576,  0.2561,
         0.4159,  0.5168,  0.5511,  0.6619,  0.7391,  0.4957,  0.3091,  0.3838,
         0.2301,  0.6695,  0.5077,  0.6220,  0.6669,  0.4274,  0.5527,  0.3010,
         0.3725,  0.4070,  0.4017, -0.1659,  0.4410,  0.2682,  0.1398, -0.2162,
         0.4693,  0.4571,  0.6719,  0.1796, -0.1973,  0.4022,  0.1495,  0.4230],
       device='cuda:0', requires_grad=True)
homo_graph.1.causal_weight.list_weights.1.mask_weightsParameter containing:
tensor([ 0.6453,  0.4427,  0.1708,  0.5701,  0.6533,  0.8047,  0.1893,  0.3454,
         0.3264, -0.1202,  1.5926,  0.7361,  1.2950,  0.3227,  0.6069,  0.5754,
         0.4906,  0.5364,  0.4535,  0.8224,  0.3731,  0.3160,  0.3490,  0.4048,
         0.5051,  0.9635,  0.4527,  0.7055,  0.7405,  0.5487,  0.3801,  0.6361,
         0.4718,  0.8863,  0.1294,  0.5640,  0.3836,  0.4036,  0.3619,  1.0307,
         0.4009,  0.5494,  0.5216,  0.6721,  0.2784,  0.4723,  0.7667,  0.2537,
         0.2821,  0.0875,  0.4053,  0.8085,  0.2864,  0.3992,  0.3893,  0.1704,
         0.1759,  0.0526,  0.6970,  0.8674,  0.3862,  0.4170,  0.4657,  0.4176],
       device='cuda:0', requires_grad=True)
homo_graph.1.causal_weight.list_weights.2.mask_weightsParameter containing:
tensor([0.2960, 0.3169, 0.4290, 0.3103, 0.2070, 0.0559, 0.7551, 0.4458, 0.9427,
        0.6678, 0.6503, 1.0094, 1.3025, 0.2315, 0.6096, 0.4592, 0.4443, 0.4419,
        0.3863, 0.4410, 0.6479, 0.1039, 0.4397, 0.2019, 0.3357, 0.4795, 0.6114,
        0.0567, 0.4274, 0.4912, 0.3868, 0.3801, 0.2343, 0.2472, 0.6011, 0.6124,
        0.6712, 0.8236, 0.0740, 0.1617, 0.5919, 0.1767, 0.5244, 0.2260, 0.4510,
        0.2810, 0.1359, 0.4097, 0.2214, 0.3702, 0.2485, 0.4544, 0.3961, 0.1776,
        0.3281, 0.1890, 0.8714, 0.7135, 0.5559, 0.2917, 0.0682, 0.3502, 0.3425,
        0.4745], device='cuda:0', requires_grad=True)
homo_graph.1.causal_weight.list_weights.3.mask_weightsParameter containing:
tensor([ 0.1149,  0.0337,  0.1572,  0.5332,  0.5348,  0.4094,  0.0332,  0.0574,
         0.7502,  0.4170,  0.7003,  0.8383,  1.0775,  0.4315,  0.2150,  0.8763,
         0.1858, -0.0063,  0.5420,  0.2327,  0.2985,  0.1205,  0.5658,  0.0923,
         0.2746,  0.4107,  0.1130,  0.4105,  0.3975,  0.1858,  0.4146, -0.0418,
         0.5907,  0.3363,  0.4661,  0.5077,  0.2593,  0.2217,  0.4957,  0.5218,
         0.5739,  0.3478,  0.6033,  0.1752,  0.6583,  0.4092,  0.4514,  0.3413,
         0.4452,  0.6334,  0.4087,  0.5203,  0.3124,  0.5239,  0.3237,  0.7157,
         0.4033,  0.4915, -0.0181,  0.7141,  0.4815,  0.7007,  0.6378,  0.3002],
       device='cuda:0', requires_grad=True)
homo_graph.2.causal_weight.list_weights.0.mask_weightsParameter containing:
tensor([0.3032, 0.2606, 0.3930, 0.4064, 0.3660, 0.4921, 0.4017, 0.3170, 0.3730,
        0.4142, 0.4334, 0.4187, 0.3223, 0.3408, 0.3934, 0.5099, 0.2229, 0.4006,
        0.4834, 0.4873, 0.4388, 0.4091, 0.5770, 0.5269, 0.3971, 0.5038, 0.4630,
        0.4042, 0.4655, 0.3665, 0.4407, 0.3885, 0.3303, 0.4561, 0.3311, 0.3710,
        0.5443, 0.5130, 0.1954, 0.4507, 0.3580, 0.5233, 0.2800, 0.5121, 0.5073,
        0.2311, 0.5678, 0.3666, 0.2544, 0.3581, 0.2533, 0.3661, 0.2734, 0.2968,
        0.3418, 0.5377, 0.4956, 0.4123, 0.3258, 0.4909, 0.3474, 0.4531, 0.4475,
        0.4657], device='cuda:0', requires_grad=True)
homo_graph.2.causal_weight.list_weights.1.mask_weightsParameter containing:
tensor([0.9315, 0.8579, 0.8787, 0.9327, 1.0204, 0.8752, 0.9459, 1.1054, 0.8681,
        0.8678, 0.7424, 0.8614, 0.9421, 0.6706, 0.8290, 0.8426, 0.8599, 1.0726,
        0.8821, 0.8913, 0.8939, 0.8844, 0.9847, 0.9110, 0.9028, 0.9972, 0.7640,
        0.9586, 0.9335, 1.0199, 0.9983, 1.0656, 0.9568, 0.8669, 0.9093, 0.8710,
        0.7632, 0.9290, 0.8015, 0.9173, 0.7372, 0.9036, 0.9032, 0.8613, 1.0566,
        0.7634, 0.8457, 0.9051, 0.7375, 0.8649, 0.9467, 0.8700, 1.0259, 1.0509,
        0.9224, 0.9307, 0.8429, 0.9186, 0.8813, 0.7433, 0.8777, 0.7369, 0.9189,
        1.0216], device='cuda:0', requires_grad=True)
homo_graph.2.causal_weight.list_weights.2.mask_weightsParameter containing:
tensor([0.3985, 0.4021, 0.3937, 0.4405, 0.3992, 0.3765, 0.4221, 0.4080, 0.3011,
        0.3880, 0.4335, 0.4158, 0.4462, 0.3478, 0.3877, 0.3504, 0.5229, 0.4903,
        0.4724, 0.4105, 0.4064, 0.3821, 0.3639, 0.4427, 0.3068, 0.3184, 0.4343,
        0.4389, 0.3697, 0.4432, 0.3716, 0.3650, 0.3703, 0.4100, 0.4311, 0.4529,
        0.4294, 0.4255, 0.3997, 0.4267, 0.4132, 0.3323, 0.3561, 0.4186, 0.3692,
        0.3587, 0.4010, 0.3725, 0.3820, 0.4360, 0.3603, 0.3535, 0.4113, 0.4291,
        0.3364, 0.4327, 0.3868, 0.3420, 0.4202, 0.4361, 0.4364, 0.4548, 0.4179,
        0.4383], device='cuda:0', requires_grad=True)
homo_graph.2.causal_weight.list_weights.3.mask_weightsParameter containing:
tensor([0.2807, 0.3750, 0.3169, 0.4871, 0.5103, 0.5944, 0.3479, 0.4989, 0.5563,
        0.3700, 0.3614, 0.5043, 0.4792, 0.4821, 0.5206, 0.3222, 0.4260, 0.4910,
        0.4376, 0.4073, 0.4031, 0.3384, 0.4928, 0.4151, 0.3965, 0.4417, 0.3758,
        0.5190, 0.4867, 0.5409, 0.4470, 0.3400, 0.4743, 0.4208, 0.5564, 0.5067,
        0.4179, 0.5724, 0.4005, 0.4698, 0.4915, 0.4012, 0.4708, 0.5449, 0.5118,
        0.5265, 0.4594, 0.5279, 0.4611, 0.6113, 0.4705, 0.4929, 0.5415, 0.5428,
        0.4259, 0.2982, 0.4698, 0.4471, 0.3817, 0.4409, 0.4236, 0.4932, 0.5746,
        0.5066], device='cuda:0', requires_grad=True)
hetero_graph.0.conv1.weightParameter containing:
tensor([[[ 0.2149,  0.0129, -0.2089,  ...,  0.1623,  0.0341,  0.0958],
         [-0.1998,  0.1791, -0.2154,  ...,  0.1784, -0.0854,  0.1722],
         [-0.0172,  0.0994, -0.1992,  ...,  0.1267,  0.0960,  0.1149],
         ...,
         [-0.0644,  0.0272, -0.1318,  ...,  0.0223,  0.0571,  0.0651],
         [ 0.1740,  0.2065, -0.1211,  ..., -0.0494, -0.1077,  0.0967],
         [ 0.0507, -0.0844, -0.0697,  ..., -0.0209, -0.1391,  0.0807]],

        [[-0.2640, -0.1571,  0.0282,  ...,  0.1754, -0.0830, -0.0575],
         [ 0.2673,  0.1404,  0.0976,  ..., -0.0097,  0.1439,  0.2493],
         [ 0.1030,  0.4929,  0.4172,  ...,  0.0640,  0.0893,  0.4150],
         ...,
         [ 0.2197,  0.4620,  0.2625,  ..., -0.4873,  0.0060,  0.0391],
         [ 0.1875, -0.0739, -0.4749,  ...,  0.0324, -0.2170, -0.3665],
         [ 0.4392,  0.2395,  0.3255,  ...,  0.0303, -0.1006, -0.0245]],

        [[-0.1208,  0.0483, -0.0778,  ...,  0.3626,  0.0545,  0.2370],
         [ 0.3202, -0.3707, -0.2194,  ..., -0.1581,  0.2804, -0.2472],
         [-0.0958,  0.1831, -0.0494,  ...,  0.1135, -0.2166, -0.0050],
         ...,
         [ 0.0517,  0.0096,  0.4336,  ..., -0.2426,  0.3928, -0.0623],
         [ 0.1642,  0.0636, -0.4266,  ...,  0.2286, -0.1033, -0.2676],
         [-0.4211, -0.1971,  0.2673,  ..., -0.1328,  0.0674, -0.2701]],

        [[ 0.0826, -0.1840,  0.2990,  ...,  0.1495,  0.3484,  0.4960],
         [ 0.1102, -0.4808,  0.3503,  ..., -0.0307,  0.0030, -0.4103],
         [ 0.2273, -0.0833,  0.3676,  ..., -0.6921,  0.2733, -0.3212],
         ...,
         [-0.0084,  0.2284, -0.2243,  ..., -0.2696,  0.2521, -0.2684],
         [-0.1895, -0.1878,  0.3135,  ..., -0.0746, -0.0249,  0.3241],
         [-0.0682,  0.4931,  0.4175,  ...,  0.0721, -0.3044, -0.1296]],

        [[ 0.0453,  0.0772,  0.3093,  ...,  0.3845, -0.2742, -0.0265],
         [-0.2054, -0.2366,  0.0321,  ..., -0.5025,  0.2042,  0.3167],
         [ 0.1008, -0.1506, -0.2915,  ...,  0.1346,  0.1161, -0.0717],
         ...,
         [ 0.0167, -0.0444, -0.1334,  ..., -0.4293, -0.2293,  0.0525],
         [-0.1612, -0.1673,  0.3937,  ...,  0.4330,  0.0662,  0.1633],
         [ 0.2329, -0.2116, -0.0969,  ..., -0.5606,  0.1041,  0.2537]],

        [[ 0.5732,  0.1162, -0.2402,  ..., -0.0417,  0.3733, -0.0929],
         [ 0.0878,  0.1258,  0.0980,  ...,  0.0149,  0.0053,  0.1209],
         [-0.0035,  0.2221,  0.0667,  ...,  0.2393, -0.0138, -0.1100],
         ...,
         [-0.2009, -0.1967,  0.1171,  ..., -0.1495,  0.0577,  0.0389],
         [-0.1404,  0.1321, -0.2678,  ..., -0.0753, -0.1923,  0.0967],
         [-0.0866,  0.1252,  0.1528,  ..., -0.1872, -0.0970, -0.1331]]],
       device='cuda:0', requires_grad=True)
hetero_graph.0.conv1.rootParameter containing:
tensor([[-0.2481,  0.2916, -0.4290,  ...,  0.2542,  0.4926, -0.0557],
        [-0.1187, -0.0505,  0.0360,  ..., -0.2373, -0.1953, -0.3106],
        [ 0.0742,  0.0870, -0.4364,  ..., -0.3255,  0.1085, -0.0459],
        ...,
        [-0.2114, -0.1278, -0.4372,  ..., -0.1271,  0.1162, -0.1551],
        [-0.4155,  0.0824,  0.1945,  ..., -0.3848, -0.3838, -0.2389],
        [ 0.2095,  0.2297, -0.3538,  ...,  0.0787,  0.1390, -0.1391]],
       device='cuda:0', requires_grad=True)
hetero_graph.0.conv1.biasParameter containing:
tensor([-0.2285, -0.1012, -0.5548, -0.4085, -0.1981,  0.0200, -0.5924,  0.0487,
        -0.3856, -0.6406, -0.5119, -0.1882, -0.0721, -0.3778, -0.6256, -0.6705,
        -0.8273, -0.3474, -0.4976, -0.0019, -0.2547, -0.6050, -0.2969, -0.1567,
        -0.5540, -0.7027, -0.1873, -0.3316, -0.0712, -0.5428,  0.0180, -0.2027,
        -0.1852, -0.0720, -0.3693,  0.1557, -0.7250, -0.7044,  0.0146, -0.0729,
        -0.6524, -0.3168, -0.0926, -0.1779, -0.4187, -0.4283, -0.2907, -0.0797,
        -0.1108, -0.1821,  0.1600, -0.7029, -0.1985, -0.4777, -0.2986, -0.4309,
        -0.2069, -0.2271, -0.7276, -0.7295, -0.3025, -0.0304, -0.3164, -0.1471],
       device='cuda:0', requires_grad=True)
hetero_graph.0.conv2.weightParameter containing:
tensor([[[ 0.1611, -0.0499,  0.1039,  ..., -0.1843, -0.1438,  0.1296],
         [ 0.0088,  0.0632, -0.0628,  ...,  0.0884,  0.0257, -0.0935],
         [ 0.1575,  0.1677, -0.0108,  ..., -0.0617,  0.1973, -0.1846],
         ...,
         [ 0.0461, -0.0272,  0.1537,  ..., -0.2058, -0.2113, -0.1485],
         [-0.0274,  0.1344,  0.1326,  ...,  0.1106,  0.1589, -0.0106],
         [ 0.1255,  0.0870, -0.1737,  ...,  0.0977, -0.1706,  0.2040]],

        [[-0.0377, -0.2307, -0.0843,  ...,  0.2455,  0.4064, -0.4943],
         [-0.1187,  0.0042,  0.1027,  ...,  0.2380, -0.1162,  0.0816],
         [-0.2352, -0.2428, -0.0658,  ...,  0.2582,  0.1562, -0.4693],
         ...,
         [-0.0090, -0.0130, -0.1017,  ...,  0.0364,  0.1875, -0.1385],
         [ 0.0540, -0.2647, -0.1195,  ..., -0.0009,  0.2128, -0.2367],
         [-0.2324, -0.4003,  0.1600,  ..., -0.0686,  0.3800, -0.4068]],

        [[-0.2813, -0.3394, -0.0081,  ...,  0.5761,  0.0860, -0.5456],
         [-0.2759, -0.1747,  0.0799,  ...,  0.3160,  0.3349, -0.2867],
         [ 0.0093, -0.1273, -0.0415,  ...,  0.0079,  0.0457, -0.4948],
         ...,
         [ 0.1134, -0.3035, -0.1058,  ...,  0.2317, -0.0297, -0.4144],
         [ 0.0991, -0.2182, -0.0392,  ...,  0.1661,  0.1383,  0.1368],
         [ 0.1611,  0.1489,  0.1318,  ...,  0.5184,  0.1029, -0.5368]],

        [[-0.0489,  0.1557, -0.2259,  ..., -0.0753,  0.1660, -0.6877],
         [ 0.0314,  0.2583,  0.0219,  ...,  0.0312,  0.2390, -0.3340],
         [ 0.1137, -0.5080, -0.0190,  ...,  0.0901,  0.3568, -0.2270],
         ...,
         [-0.2617,  0.2972,  0.0433,  ..., -0.0894,  0.0644, -0.1988],
         [-0.3253,  0.2352,  0.2398,  ...,  0.0257, -0.1201, -0.0524],
         [-0.2005,  0.0301, -0.2458,  ..., -0.2055, -0.1524, -0.0119]],

        [[-0.2045, -0.4472,  0.5618,  ..., -0.3717,  0.0472, -0.5013],
         [ 0.2893,  0.1077, -0.0667,  ..., -0.3243, -0.2464,  0.1157],
         [-0.0106,  0.1254,  0.1276,  ..., -0.2938, -0.0462,  0.1228],
         ...,
         [-0.2279, -0.1116, -0.2803,  ..., -0.1986, -0.0900,  0.0874],
         [-0.1860,  0.0660,  0.0595,  ..., -0.3932, -0.0493,  0.1636],
         [ 0.1217, -0.0535, -0.1962,  ..., -0.3381, -0.0318,  0.0596]],

        [[ 0.0290, -0.1463, -0.1024,  ..., -0.1857,  0.0775, -0.1583],
         [-0.3464, -0.3793, -0.0227,  ...,  0.0011,  0.2930,  0.0583],
         [-0.2787, -0.3714,  0.1784,  ..., -0.2064,  0.4201,  0.1157],
         ...,
         [-0.4899, -0.5375, -0.3479,  ...,  0.0109,  0.7058, -0.1490],
         [-0.0631, -0.2430, -0.1663,  ...,  0.2612,  0.2756, -0.0456],
         [ 0.0246, -0.2252, -0.1173,  ..., -0.0836,  0.1640, -0.2297]]],
       device='cuda:0', requires_grad=True)
hetero_graph.0.conv2.rootParameter containing:
tensor([[ 0.0201,  0.0149, -0.1619,  ...,  0.2182, -0.1413, -0.1317],
        [ 0.0411,  0.1473,  0.1823,  ..., -0.1144, -0.3443, -0.0016],
        [-0.0386, -0.4255, -0.3769,  ...,  0.3483,  0.2407, -0.2020],
        ...,
        [ 0.3296,  0.0380, -0.4178,  ...,  0.0426, -0.2171,  0.2829],
        [-0.2532, -0.1393, -0.0930,  ...,  0.0235,  0.1430, -0.1756],
        [-0.1055,  0.0674, -0.2273,  ..., -0.0309, -0.0912,  0.0466]],
       device='cuda:0', requires_grad=True)
hetero_graph.0.conv2.biasParameter containing:
tensor([-0.0500, -0.0482,  0.0660, -0.3214, -0.1892,  0.1120,  0.0627, -0.0403,
         0.1939,  0.1285,  0.3064, -0.4582, -0.0960,  0.2375, -0.0597, -0.0987,
         0.2584, -0.0513,  0.0092,  0.0575, -0.0648,  0.0581,  0.1327,  0.2550,
        -0.1682, -0.0367,  0.3816,  0.4396, -0.0620, -0.2440, -0.1191, -0.1870,
         0.0019,  0.1604, -0.1740, -0.1940, -0.0710, -0.0544,  0.0555, -0.2580,
         0.0764,  0.1040, -0.1740,  0.0239, -0.2186, -0.0190, -0.5176, -0.6495,
         0.0906, -0.1705, -0.4305, -0.1304,  0.3583, -0.0629,  0.5537,  0.1414,
         0.0295,  0.1820, -0.0094, -0.1195,  0.1391, -0.0203, -0.0983, -0.2144],
       device='cuda:0', requires_grad=True)
hetero_graph.1.conv1.weightParameter containing:
tensor([[[ 0.0373, -0.0614,  0.1982,  ..., -0.1038, -0.1164,  0.0431],
         [ 0.0923, -0.2128,  0.0156,  ...,  0.0400, -0.1446, -0.1807],
         [ 0.1696,  0.1493, -0.0615,  ..., -0.1485, -0.0310, -0.0627],
         ...,
         [ 0.1065, -0.1132, -0.1877,  ..., -0.0817,  0.1002,  0.0705],
         [-0.2143, -0.1325, -0.0368,  ...,  0.1930, -0.0576,  0.1484],
         [-0.1127,  0.1266, -0.0827,  ...,  0.0335, -0.0293, -0.0976]],

        [[ 0.2856,  0.0363, -0.4683,  ...,  0.0521, -0.1941, -0.5447],
         [-0.4389,  0.1173,  0.5132,  ...,  0.3786,  0.2873, -0.0078],
         [ 0.5302,  0.3720, -0.1361,  ..., -0.0596,  0.4322,  0.7084],
         ...,
         [ 0.3708, -0.0718, -0.1171,  ..., -0.0694,  0.2288,  0.6337],
         [-0.1360, -0.2757, -0.0317,  ..., -0.4069, -0.4438, -0.5866],
         [-0.2322, -0.2369, -0.0312,  ..., -0.2176, -0.1877, -0.1681]],

        [[-0.1918,  0.0580, -0.1891,  ..., -0.0682, -0.5121,  0.0948],
         [-0.1724,  0.1396,  0.0555,  ...,  0.0140,  0.3302, -0.0345],
         [ 0.1636,  0.6940,  0.1332,  ...,  0.4037,  0.2970,  0.3633],
         ...,
         [ 0.0278,  0.2773,  0.4112,  ..., -0.3288,  0.0226,  0.2303],
         [-0.2196,  0.1976, -0.1157,  ..., -0.7968, -0.5416, -0.3427],
         [ 0.3387, -0.3652,  0.3677,  ..., -0.3297,  0.0037, -0.4607]],

        [[-0.1442, -0.2433, -0.2895,  ..., -0.3781, -0.2952,  0.1869],
         [-0.4289,  0.5790, -0.1872,  ...,  0.1107, -0.3516, -0.0280],
         [ 0.4699, -0.0340, -0.2459,  ..., -0.1610, -0.3395,  0.4399],
         ...,
         [ 0.0999,  0.0071, -0.3192,  ..., -0.0519,  0.2499,  0.0789],
         [ 0.4125, -0.0214, -0.2026,  ...,  0.0079, -0.4596, -0.0696],
         [-0.0137, -0.2045, -0.3128,  ..., -0.1478,  0.2214,  0.0300]],

        [[ 0.1020,  0.1338, -0.1816,  ..., -0.3452,  0.0610, -0.2265],
         [ 0.3855, -0.3353, -0.4835,  ..., -0.0807,  0.0786,  0.0400],
         [ 0.0384,  0.4124,  0.1403,  ..., -0.0680,  0.1897, -0.1411],
         ...,
         [-0.2344,  0.1869,  0.1330,  ..., -0.1068, -0.3882,  0.3228],
         [ 0.2210,  0.2902,  0.0931,  ..., -0.2073, -0.0857, -0.0873],
         [-0.0612,  0.1116, -0.3835,  ..., -0.3692, -0.3623,  0.2059]],

        [[-0.2860, -0.0289, -0.1474,  ..., -0.0478, -0.5162, -0.1700],
         [ 0.1686,  0.0572, -0.3203,  ...,  0.0701,  0.3406,  0.0361],
         [ 0.3134, -0.0671, -0.1094,  ...,  0.3209,  0.1022,  0.1889],
         ...,
         [ 0.1296, -0.0825, -0.2481,  ...,  0.0708,  0.0712,  0.0448],
         [ 0.0138,  0.0406, -0.0138,  ..., -0.2780, -0.1805, -0.0209],
         [-0.1512, -0.3981, -0.0172,  ..., -0.0149, -0.1454,  0.5471]]],
       device='cuda:0', requires_grad=True)
hetero_graph.1.conv1.rootParameter containing:
tensor([[ 0.0046, -0.0230,  0.1482,  ...,  0.1348, -0.1404,  0.3845],
        [ 0.0036,  0.2515, -0.0331,  ...,  0.2893, -0.1897,  0.0342],
        [-0.0314, -0.2095,  0.2402,  ..., -0.1394,  0.4385,  0.3532],
        ...,
        [ 0.1451, -0.2647,  0.1984,  ...,  0.2987, -0.2031,  0.2355],
        [ 0.0475, -0.2701,  0.2227,  ...,  0.1563, -0.0414, -0.2638],
        [ 0.1811, -0.2603, -0.3415,  ...,  0.0946, -0.1238,  0.1660]],
       device='cuda:0', requires_grad=True)
hetero_graph.1.conv1.biasParameter containing:
tensor([-0.2912, -0.3899, -0.5964, -0.4108, -0.4486, -0.7935, -0.3081, -0.2327,
        -0.3291, -0.2443, -0.1712, -0.5473, -0.1168, -0.3385, -0.5338, -0.4394,
        -0.4000, -0.5045, -0.6132, -0.6634, -0.2881, -0.3298, -0.3174, -0.6291,
        -0.2881, -0.4952, -0.3361, -0.2762, -0.5059, -0.5828, -0.4723, -0.5349,
        -0.4266, -0.4124, -0.3052, -0.5846, -0.4219, -0.2776, -0.3804, -0.4041,
        -0.3667, -0.5595, -0.2944, -0.3715, -0.6734, -0.7215, -0.3837, -0.4896,
        -0.3686, -0.3237, -0.3754, -0.4403, -0.4023, -0.3507, -0.2845, -0.4515,
        -0.4780, -0.4546, -0.2973, -0.6247, -0.2803, -0.4297, -0.2960, -0.3023],
       device='cuda:0', requires_grad=True)
hetero_graph.1.conv2.weightParameter containing:
tensor([[[-0.1988,  0.1354,  0.0267,  ..., -0.1243, -0.1615,  0.0842],
         [ 0.2107, -0.0894,  0.0478,  ...,  0.0201,  0.1374,  0.1154],
         [ 0.1511, -0.1498, -0.0975,  ..., -0.0171, -0.0244, -0.1794],
         ...,
         [-0.0538, -0.1122,  0.2005,  ..., -0.0291,  0.1858, -0.0604],
         [-0.1519,  0.0043,  0.0440,  ...,  0.1625,  0.0105, -0.1731],
         [-0.1628, -0.1639, -0.1250,  ..., -0.1532, -0.0365, -0.1242]],

        [[ 0.0177,  0.1719,  0.1641,  ..., -0.1657, -0.1335, -0.0188],
         [-0.0278, -0.1371, -0.1275,  ...,  0.3378,  0.0340, -0.0215],
         [ 0.1295, -0.1575,  0.4326,  ...,  0.5190, -0.3693, -0.2430],
         ...,
         [-0.0441,  0.3748,  0.3499,  ..., -0.3636, -0.6588,  0.5200],
         [-0.1096,  0.5409,  0.2213,  ..., -0.6345, -0.1888,  0.0795],
         [ 0.3453, -0.0277,  0.5284,  ...,  0.2815,  0.4377, -0.5685]],

        [[ 0.4669, -0.4796, -0.3549,  ...,  0.1803,  0.1128,  0.4164],
         [ 0.1654, -0.2027, -0.1627,  ...,  0.1290, -0.0113,  0.2505],
         [-0.1303,  0.1055,  0.2624,  ..., -0.0519,  0.1273, -0.6631],
         ...,
         [ 0.1056, -0.0072,  0.4950,  ..., -0.5529, -0.2492,  0.1432],
         [-0.2864, -0.1799, -0.3588,  ..., -0.3732,  0.1518,  0.0306],
         [-0.0086, -0.0607,  0.2384,  ..., -0.0150,  0.5129, -0.3885]],

        [[-0.0824, -0.2640, -0.2300,  ..., -0.1417,  0.3570, -0.0562],
         [ 0.2541, -0.4297, -0.1993,  ..., -0.0407, -0.0662,  0.1893],
         [-0.0807, -0.1807, -0.0810,  ..., -0.3080,  0.1698, -0.1993],
         ...,
         [-0.3870,  0.2945,  0.4936,  ..., -0.1536, -0.7551,  0.0931],
         [-0.2011, -0.2880, -0.1153,  ...,  0.1800,  0.3561, -0.1372],
         [ 0.4987, -0.5163,  0.3661,  ..., -0.2689,  0.4885, -0.1878]],

        [[ 0.1979, -0.3085, -0.0276,  ...,  0.0143,  0.3618, -0.0128],
         [-0.1718, -0.0668, -0.1621,  ..., -0.2992, -0.1133,  0.0704],
         [-0.0482, -0.3101, -0.1354,  ..., -0.2217,  0.5091, -0.4880],
         ...,
         [-0.2940,  0.1158,  0.1235,  ...,  0.1356, -0.5683,  0.5228],
         [ 0.1924,  0.3318,  0.0731,  ...,  0.0410, -0.2154,  0.0235],
         [-0.1049,  0.1005, -0.2008,  ..., -0.3321,  0.2721, -0.0426]],

        [[ 0.2111, -0.2438,  0.4499,  ...,  0.3611,  0.2547, -0.2059],
         [-0.4622,  0.2269,  0.2992,  ..., -0.9700, -0.4360, -0.2903],
         [-0.8524,  0.3813,  0.1540,  ..., -1.2339, -0.1584, -0.5279],
         ...,
         [-0.0597,  0.5555,  0.2438,  ...,  0.3351, -0.4493,  0.2945],
         [ 0.0194,  0.2460,  0.0874,  ..., -0.0698, -0.0768,  0.2420],
         [ 0.1703, -0.0278,  0.7296,  ..., -0.1509, -0.1609,  0.0713]]],
       device='cuda:0', requires_grad=True)
hetero_graph.1.conv2.rootParameter containing:
tensor([[ 0.0158,  0.3782, -0.0110,  ...,  0.2176, -0.0444, -0.0399],
        [-0.4734, -0.4346, -0.0328,  ..., -0.0880, -0.0603, -0.0504],
        [ 0.0141,  0.1083,  0.3445,  ...,  0.0909,  0.0163, -0.0973],
        ...,
        [-0.2632,  0.1768, -0.0361,  ..., -0.1382, -0.0252,  0.2934],
        [ 0.1758, -0.1779, -0.1551,  ...,  0.1595,  0.1255,  0.2553],
        [-0.1339,  0.2393,  0.1973,  ...,  0.0234, -0.6155,  0.0049]],
       device='cuda:0', requires_grad=True)
hetero_graph.1.conv2.biasParameter containing:
tensor([ 9.0094e-02,  1.4537e-01,  2.1336e-02, -5.6291e-02,  1.6299e-01,
        -1.8081e-01,  2.2653e-02, -2.3071e-02, -7.9698e-02, -5.1513e-02,
        -4.5571e-01, -6.5490e-02,  3.4800e-01,  2.4616e-02, -2.0422e-02,
         6.6452e-02,  7.1559e-02, -3.1360e-02, -5.9524e-02,  1.4124e-01,
        -2.2391e-03,  3.5548e-02,  9.3337e-02, -3.8716e-02, -7.9354e-03,
         7.4135e-02, -7.5155e-02,  3.8199e-04, -8.7051e-02,  8.8828e-02,
        -1.6070e-02, -5.4724e-02,  1.4277e-01,  8.1205e-02,  1.4416e-02,
        -6.4096e-02,  1.1046e-03, -5.0228e-02, -7.6077e-02,  3.1437e-01,
        -1.2189e-02,  3.9140e-02, -5.1147e-02, -2.6620e-02,  3.8741e-02,
        -4.2650e-02, -6.8130e-02,  9.1192e-03, -1.3401e-01, -4.9119e-02,
        -8.9249e-02,  8.7009e-02, -2.3995e-02, -2.0584e-01,  1.7911e-02,
        -1.2130e-01, -4.6260e-02,  5.0962e-02,  4.9794e-02, -1.7097e-01,
        -2.0633e-01,  4.3753e-02, -3.7892e-02, -5.2236e-03], device='cuda:0',
       requires_grad=True)
hetero_graph.2.conv1.weightParameter containing:
tensor([[[-0.1717, -0.1701,  0.1168,  ..., -0.1812,  0.1119, -0.1873],
         [-0.1253,  0.1780, -0.0557,  ...,  0.0996, -0.0073,  0.1549],
         [ 0.0380,  0.0082, -0.1758,  ..., -0.0385, -0.0655, -0.1004],
         ...,
         [-0.0408, -0.0124,  0.0925,  ..., -0.0114,  0.0258,  0.0964],
         [-0.1806, -0.1487, -0.1629,  ..., -0.0189, -0.1303, -0.1341],
         [ 0.1433, -0.0291,  0.2015,  ...,  0.1485, -0.0932, -0.1279]],

        [[-0.1629,  0.0313,  0.0119,  ...,  0.1764, -0.1221,  0.1134],
         [-0.0909, -0.0214,  0.0581,  ...,  0.0072,  0.0407,  0.1160],
         [-0.2029,  0.1849,  0.0694,  ..., -0.1437,  0.0409,  0.0315],
         ...,
         [ 0.0497,  0.1976, -0.0778,  ...,  0.1708,  0.0374,  0.1023],
         [ 0.1827, -0.1290,  0.1515,  ...,  0.0894,  0.1432,  0.1634],
         [-0.2010, -0.0711,  0.0550,  ..., -0.1142, -0.0380,  0.0422]],

        [[-0.1786, -0.1407, -0.0267,  ..., -0.0679, -0.0417,  0.1595],
         [ 0.1195, -0.0943,  0.1908,  ..., -0.0938,  0.0762, -0.0856],
         [-0.2159, -0.0813, -0.0730,  ..., -0.0406, -0.2140,  0.0684],
         ...,
         [-0.0459, -0.1240,  0.0380,  ..., -0.0917, -0.1805,  0.0053],
         [ 0.1053, -0.1307,  0.0393,  ...,  0.1288,  0.0331, -0.0424],
         [ 0.0716,  0.0670, -0.1406,  ..., -0.0304, -0.0237,  0.1300]],

        [[-0.1398,  0.0553,  0.1441,  ...,  0.1129,  0.2142,  0.0206],
         [ 0.0328, -0.0490,  0.0483,  ..., -0.0022, -0.0161,  0.0439],
         [ 0.1704,  0.0184, -0.1154,  ..., -0.0135,  0.0248, -0.1476],
         ...,
         [-0.0648, -0.0295, -0.0754,  ...,  0.1761,  0.0747,  0.0264],
         [ 0.1036, -0.0778,  0.1953,  ..., -0.0764, -0.0745, -0.0789],
         [-0.1940,  0.1755,  0.0716,  ...,  0.0165,  0.0373, -0.2092]],

        [[ 0.0055,  0.0351,  0.0040,  ...,  0.0931, -0.0946,  0.0541],
         [-0.0854,  0.0979, -0.0374,  ...,  0.0596, -0.1571,  0.0510],
         [-0.1391,  0.1006,  0.1475,  ...,  0.1282,  0.0880,  0.2119],
         ...,
         [-0.0341,  0.0824, -0.1534,  ...,  0.1784,  0.2061,  0.0634],
         [ 0.1147,  0.2161, -0.0798,  ..., -0.1742, -0.0907, -0.2100],
         [-0.1686, -0.1310, -0.0943,  ...,  0.1435,  0.2142, -0.1296]],

        [[ 0.2049,  0.0603,  0.0550,  ...,  0.1269, -0.1810,  0.0104],
         [-0.2007,  0.1259, -0.1636,  ..., -0.1118, -0.1162, -0.1062],
         [ 0.0061, -0.0207, -0.2144,  ..., -0.1631, -0.0598, -0.0187],
         ...,
         [-0.1815, -0.0037,  0.1686,  ...,  0.0269,  0.0909,  0.0828],
         [-0.1857,  0.1764, -0.2073,  ..., -0.1124,  0.1289, -0.1670],
         [-0.1399, -0.0872,  0.1273,  ..., -0.1601, -0.1416,  0.1170]]],
       device='cuda:0', requires_grad=True)
hetero_graph.2.conv1.rootParameter containing:
tensor([[-0.0256,  0.1685,  0.1226,  ..., -0.0176,  0.1090, -0.2011],
        [-0.2162,  0.0290, -0.0886,  ...,  0.0921,  0.0325, -0.1257],
        [ 0.1979, -0.0413,  0.0317,  ...,  0.1137,  0.1725, -0.1949],
        ...,
        [-0.1920, -0.1850,  0.0398,  ...,  0.0576, -0.0191, -0.0905],
        [-0.0306,  0.0059,  0.1331,  ...,  0.0687, -0.0678, -0.0452],
        [ 0.0124, -0.1926, -0.1561,  ..., -0.0595, -0.0402,  0.0261]],
       device='cuda:0', requires_grad=True)
hetero_graph.2.conv1.biasParameter containing:
tensor([0., 0., 0., 0., 0., 0., 0., 0., 0., 0., 0., 0., 0., 0., 0., 0., 0., 0., 0., 0., 0., 0., 0., 0.,
        0., 0., 0., 0., 0., 0., 0., 0., 0., 0., 0., 0., 0., 0., 0., 0., 0., 0., 0., 0., 0., 0., 0., 0.,
        0., 0., 0., 0., 0., 0., 0., 0., 0., 0., 0., 0., 0., 0., 0., 0.],
       device='cuda:0', requires_grad=True)
hetero_graph.2.conv2.weightParameter containing:
tensor([[[ 0.0460,  0.2110,  0.0596,  ...,  0.1616, -0.0214, -0.0044],
         [ 0.2012,  0.0553,  0.0546,  ..., -0.2095,  0.1771,  0.0586],
         [ 0.2035,  0.1347,  0.1060,  ..., -0.1006,  0.0841, -0.0832],
         ...,
         [-0.0364, -0.0105,  0.1989,  ..., -0.0931,  0.1698, -0.0571],
         [-0.0188,  0.0861, -0.0468,  ...,  0.0057,  0.1815,  0.0071],
         [ 0.0649,  0.0118,  0.1547,  ...,  0.0084, -0.0536, -0.0998]],

        [[-0.1552, -0.1632,  0.0050,  ..., -0.1398, -0.1320,  0.0114],
         [ 0.2068,  0.2065,  0.0381,  ...,  0.0024,  0.1648, -0.0283],
         [-0.1541, -0.1718, -0.0045,  ..., -0.1483,  0.1733,  0.1976],
         ...,
         [-0.0862,  0.0112, -0.1899,  ..., -0.1475, -0.0526, -0.0402],
         [-0.1443, -0.0980, -0.0791,  ...,  0.1933,  0.1109,  0.0642],
         [ 0.0325, -0.0612, -0.0848,  ..., -0.1043,  0.1325,  0.1687]],

        [[ 0.1823,  0.1262, -0.1440,  ..., -0.0175, -0.0838, -0.2043],
         [ 0.0485,  0.1617,  0.2065,  ...,  0.1114,  0.1710,  0.1017],
         [-0.1025, -0.1815,  0.0152,  ..., -0.1036,  0.0470, -0.0315],
         ...,
         [ 0.1593, -0.1185, -0.1686,  ..., -0.0802,  0.1661,  0.1723],
         [ 0.1508, -0.1861, -0.1373,  ...,  0.2108,  0.1341, -0.1643],
         [ 0.1654,  0.0008, -0.0293,  ...,  0.0806, -0.0986, -0.1927]],

        [[ 0.1936, -0.0925,  0.1033,  ..., -0.1659, -0.1797, -0.1358],
         [-0.0121, -0.1246, -0.0816,  ...,  0.0921,  0.2105, -0.0735],
         [ 0.1009,  0.1347,  0.1254,  ..., -0.1667, -0.1635,  0.2098],
         ...,
         [ 0.1617,  0.2074,  0.0746,  ..., -0.0821,  0.0247, -0.1632],
         [ 0.1014,  0.0497,  0.0949,  ..., -0.2081, -0.2052,  0.1145],
         [ 0.1031, -0.0046,  0.0053,  ..., -0.0738,  0.1751, -0.1531]],

        [[ 0.0505,  0.1001,  0.1224,  ...,  0.1346,  0.1780, -0.1202],
         [-0.0811,  0.1566, -0.0237,  ..., -0.0365,  0.0233,  0.1440],
         [ 0.0991,  0.0949,  0.0594,  ..., -0.0856,  0.1629, -0.1102],
         ...,
         [-0.1139, -0.1445,  0.0236,  ..., -0.0543, -0.0761,  0.1737],
         [-0.1113, -0.0695,  0.1458,  ..., -0.0643, -0.1829, -0.0649],
         [ 0.2057,  0.2080,  0.1817,  ...,  0.1020, -0.1574,  0.1269]],

        [[-0.0524, -0.0342, -0.1984,  ..., -0.2141,  0.2140,  0.0118],
         [ 0.0010,  0.1849,  0.0482,  ...,  0.1828, -0.1888, -0.0177],
         [ 0.0425, -0.1461, -0.0586,  ...,  0.0459, -0.1607,  0.1447],
         ...,
         [-0.1527, -0.1950,  0.0551,  ..., -0.0850,  0.0670, -0.0605],
         [ 0.0746, -0.1483, -0.1497,  ...,  0.1949,  0.0156,  0.2164],
         [-0.1517,  0.0208,  0.0084,  ...,  0.0794,  0.0850, -0.0744]]],
       device='cuda:0', requires_grad=True)
hetero_graph.2.conv2.rootParameter containing:
tensor([[-0.0553,  0.1470,  0.2032,  ..., -0.0418,  0.0266,  0.1479],
        [ 0.1993,  0.0136,  0.0309,  ...,  0.0790,  0.1895,  0.0641],
        [ 0.0507,  0.2107, -0.1706,  ...,  0.1061,  0.0118, -0.0929],
        ...,
        [ 0.1605, -0.0572, -0.0999,  ...,  0.1746, -0.1942,  0.0575],
        [ 0.1460,  0.0748, -0.1795,  ..., -0.1929, -0.1969, -0.0999],
        [ 0.2165,  0.1272, -0.1377,  ..., -0.0238, -0.0763, -0.1788]],
       device='cuda:0', requires_grad=True)
hetero_graph.2.conv2.biasParameter containing:
tensor([0., 0., 0., 0., 0., 0., 0., 0., 0., 0., 0., 0., 0., 0., 0., 0., 0., 0., 0., 0., 0., 0., 0., 0.,
        0., 0., 0., 0., 0., 0., 0., 0., 0., 0., 0., 0., 0., 0., 0., 0., 0., 0., 0., 0., 0., 0., 0., 0.,
        0., 0., 0., 0., 0., 0., 0., 0., 0., 0., 0., 0., 0., 0., 0., 0.],
       device='cuda:0', requires_grad=True)
seq_encoders.0.weight_ih_l0Parameter containing:
tensor([[-0.0939, -0.2741, -0.3792,  ...,  0.2717,  0.2555, -0.2395],
        [-0.2121, -0.1554, -0.1332,  ...,  0.1125,  0.2171, -0.3485],
        [ 0.1416,  0.0792, -0.1082,  ..., -0.0669,  0.0631, -0.0240],
        ...,
        [ 0.1306,  0.2981,  0.2341,  ..., -0.3833, -0.1703,  0.0198],
        [ 0.1526, -0.1034, -0.0172,  ..., -0.1393, -0.1319,  0.0749],
        [ 0.2569,  0.2690,  0.0167,  ..., -0.1199, -0.1415,  0.0882]],
       device='cuda:0', requires_grad=True)
seq_encoders.0.weight_hh_l0Parameter containing:
tensor([[ 0.1421, -0.1243,  0.0124,  ...,  0.0778,  0.0270,  0.0546],
        [-0.1491,  0.0362, -0.3166,  ...,  0.1004, -0.0173,  0.0576],
        [-0.1161,  0.0070, -0.0254,  ...,  0.1413,  0.1483,  0.0228],
        ...,
        [-0.1144,  0.2370, -0.0458,  ...,  0.2165, -0.0891,  0.2802],
        [ 0.3389, -0.2605,  0.3026,  ...,  0.0041,  0.1646,  0.0136],
        [-0.0153, -0.1350, -0.0952,  ...,  0.0116,  0.0195,  0.0300]],
       device='cuda:0', requires_grad=True)
seq_encoders.0.bias_ih_l0Parameter containing:
tensor([ 7.8773e-02,  5.5547e-01, -2.1729e-02, -1.1682e-01, -7.5151e-02,
         6.0413e-02,  1.3047e-01,  5.7845e-03, -3.1341e-01,  5.5629e-02,
         1.8504e-01,  3.7713e-01,  1.1845e-01,  2.5620e-01, -7.0818e-02,
        -3.6492e-02,  3.3815e-02,  3.8818e-01, -2.8147e-02,  1.5097e-02,
         1.3157e-01,  1.2582e-01,  4.1707e-02, -1.9851e-02,  2.2484e-01,
        -2.3934e-02,  1.5170e-04,  3.0003e-01,  3.4850e-01, -1.4441e-01,
         1.8404e-02, -1.5027e-02,  2.6498e-01,  3.6618e-01, -6.4773e-02,
        -1.7965e-01, -1.7340e-02,  4.7038e-02,  2.8747e-02,  1.6051e-01,
        -8.5851e-02, -9.2893e-02,  6.9145e-02,  1.3797e-03,  6.6611e-02,
        -5.9052e-02, -6.9985e-02, -1.3123e-01,  2.3978e-01, -8.4885e-02,
        -1.3152e-01,  1.2520e-01,  1.4658e-01,  8.5361e-02, -3.4411e-02,
         2.1289e-01,  1.6199e-01, -2.4409e-01, -4.0972e-03,  2.3538e-01,
        -5.0455e-03,  4.3841e-02,  1.8507e-01,  3.3974e-02,  3.1907e-01,
         4.0587e-01,  1.8648e-01, -9.5942e-02,  2.2809e-01, -1.3339e-01,
        -3.2323e-01,  1.8024e-01, -1.6117e-01, -3.0391e-01,  3.7378e-02,
         4.9978e-02,  1.7097e-01,  3.3664e-01,  1.4134e-01,  1.0451e-01,
         4.3006e-01, -8.6661e-02,  4.3535e-02,  2.1621e-01,  9.2088e-02,
         3.6808e-02, -1.6772e-01, -8.5251e-02, -2.0456e-01, -4.2816e-02,
        -4.1924e-01,  5.0288e-02,  3.4808e-01, -3.3127e-01,  1.6252e-01,
        -2.1969e-01,  3.2248e-01, -5.6405e-01,  1.2351e-01,  4.9985e-02,
        -5.1675e-03, -4.2397e-02,  2.4380e-02,  1.1535e-01, -2.6782e-01,
        -2.4842e-02,  2.3637e-01,  1.9075e-01, -7.4945e-02, -8.4962e-02,
        -6.3526e-02, -2.1434e-01,  1.8953e-01, -1.1602e-01,  2.6412e-01,
        -1.1093e-01, -9.3953e-02, -2.2927e-01, -2.8515e-01, -6.2346e-02,
        -2.1074e-01, -1.2734e-02,  2.9942e-01,  9.0268e-02,  1.2009e-01,
         7.2992e-02,  3.9335e-02,  2.7358e-01, -3.3603e-01, -2.2519e-01,
        -2.2825e-01, -1.1585e-01, -1.7553e-01, -2.6392e-01, -1.2799e-01,
        -3.9513e-02,  1.8971e-02, -9.7706e-02, -2.7910e-01, -1.2475e-01,
        -2.0631e-01, -3.5392e-01, -2.2569e-01,  3.6524e-01, -1.5476e-01,
        -4.5677e-01, -6.6500e-02, -2.4051e-01, -1.2000e-01,  1.1243e-01,
        -5.9390e-02,  1.0017e-01, -1.3999e-01, -1.3195e-01,  1.9120e-01,
        -4.2697e-01, -2.7753e-01, -2.6858e-01,  6.0644e-02, -8.1234e-02,
        -3.4650e-01,  5.0216e-01, -1.6083e-01, -4.5992e-01,  3.4887e-01,
        -1.8495e-02, -1.3741e-01, -2.0829e-01,  9.0082e-02, -1.8074e-01,
        -2.5451e-01, -2.5848e-01, -2.2666e-01, -4.9307e-02, -2.3919e-01,
        -1.5283e-01, -3.2598e-01, -3.7789e-02, -1.6025e-01,  2.5818e-01,
        -1.5250e-01, -7.1036e-02,  1.0103e-01, -1.2082e-01,  2.6285e-02,
        -5.0852e-02, -2.7520e-01, -3.4861e-01,  3.9694e-02, -6.9666e-02,
        -4.6293e-01, -8.1185e-02], device='cuda:0', requires_grad=True)
seq_encoders.0.bias_hh_l0Parameter containing:
tensor([ 6.1424e-02,  3.8446e-01, -8.3185e-02, -2.6711e-01, -8.9022e-02,
         2.0824e-02,  3.2136e-01,  4.8694e-02, -2.9042e-01,  6.9622e-02,
         2.6771e-01,  3.4932e-01,  1.0496e-01,  4.7205e-01, -1.9403e-01,
         4.4603e-02, -9.0943e-02,  3.1692e-01, -3.4302e-02,  5.4314e-02,
         1.8024e-01,  1.8760e-01,  1.7698e-01, -2.3140e-04,  1.8570e-02,
        -3.2865e-02,  6.5908e-02,  2.2862e-01,  2.7304e-01, -1.4235e-01,
        -5.5690e-02, -1.7392e-02,  3.1015e-01,  4.0971e-01, -6.5090e-02,
        -6.5812e-02,  4.7750e-02,  1.4242e-01, -1.6428e-01,  2.7553e-01,
        -1.9627e-02,  7.5337e-02,  1.5882e-01,  8.7991e-02,  5.8758e-02,
        -5.7822e-02,  1.0005e-02,  2.9541e-02,  2.1693e-01, -6.1986e-02,
        -9.7263e-02,  5.1172e-02, -1.5916e-02,  1.3203e-01, -1.8181e-01,
         1.6472e-01,  2.0948e-01, -2.2048e-01,  2.0188e-01,  2.3237e-01,
        -1.0931e-01, -2.4189e-02,  2.5276e-01, -1.0791e-01,  3.4637e-01,
         6.0913e-01,  1.8840e-01, -1.6136e-01,  2.3765e-01,  3.3207e-02,
        -2.8751e-01,  1.9337e-01, -2.4645e-01, -1.0935e-01,  3.9499e-02,
         1.2398e-02,  5.6623e-02,  3.3643e-01,  3.3992e-01,  1.3392e-01,
         3.4174e-01, -3.9351e-03,  3.9904e-02,  2.3538e-01,  1.3789e-01,
        -7.5650e-02, -5.3027e-02, -9.5305e-02, -2.2000e-01,  8.2111e-02,
        -3.3109e-01,  1.2379e-01,  2.4259e-01, -3.8641e-01, -6.0027e-02,
        -1.8570e-01,  2.5173e-01, -7.6814e-01,  1.7510e-02,  7.8389e-02,
         1.0227e-01,  9.1360e-02,  9.4352e-02,  1.1059e-01, -1.5371e-01,
        -1.0126e-01,  8.8718e-02,  1.2058e-01,  4.1498e-02,  6.9696e-02,
        -1.4475e-01, -7.3653e-02,  6.5334e-02, -1.7229e-01,  7.9504e-02,
        -2.6987e-01, -1.3834e-01, -3.2344e-01, -3.3396e-01, -1.5845e-01,
        -1.2928e-01, -2.5913e-02,  3.0750e-01,  1.6129e-01,  1.2059e-01,
         1.4905e-01, -3.1415e-02,  1.8578e-01, -3.0450e-01, -3.3957e-01,
        -3.7511e-02, -1.1178e-01, -5.3064e-02, -1.6019e-01, -1.9602e-01,
        -4.0025e-02, -1.7061e-01,  1.8845e-01, -3.5239e-01, -3.0390e-01,
         3.9673e-02, -2.6589e-01, -5.4407e-02,  3.5454e-01, -6.1238e-02,
        -3.1859e-01,  5.8268e-02, -2.9950e-01, -7.0041e-02,  1.4018e-01,
        -1.8577e-01,  1.1769e-01, -2.2749e-01,  3.0143e-02,  1.7739e-01,
        -2.9149e-01, -3.1507e-01, -8.9795e-02, -8.8201e-02, -5.0595e-04,
        -2.0108e-01,  4.8228e-01, -5.9184e-02, -1.6467e-01,  1.5070e-01,
         2.1114e-02, -1.7531e-01, -2.3687e-01,  6.3900e-03, -1.4412e-01,
        -1.2410e-01, -2.8271e-01, -1.8567e-01, -3.5511e-02, -1.0579e-01,
        -1.3587e-01, -4.4103e-01,  1.8544e-02, -5.1274e-02,  2.6951e-01,
         6.3740e-02, -1.5811e-01,  8.1679e-02, -2.3457e-01,  1.4264e-01,
        -7.7898e-03, -2.7347e-01, -3.0611e-01, -2.4036e-02, -1.2360e-01,
        -2.2802e-01, -8.3934e-02], device='cuda:0', requires_grad=True)
seq_encoders.1.weight_ih_l0Parameter containing:
tensor([[ 0.1790,  0.2749, -0.4869,  ..., -0.2851,  0.3362,  0.4305],
        [-0.2819,  0.0029, -0.3766,  ...,  0.3090, -0.1958, -0.3654],
        [ 0.0033, -0.0689,  0.6854,  ..., -0.2411,  0.0600,  0.1070],
        ...,
        [-0.0862,  0.1493,  0.1229,  ..., -0.2078,  0.1670,  0.0667],
        [-0.1029,  0.2162,  0.2762,  ..., -0.2917, -0.0660,  0.2374],
        [ 0.4617, -0.2615, -0.3244,  ...,  0.1931,  0.3642, -0.0504]],
       device='cuda:0', requires_grad=True)
seq_encoders.1.weight_hh_l0Parameter containing:
tensor([[-4.6377e-02, -2.1239e-01,  3.3661e-01,  ...,  1.5742e-01,
          1.6620e-01,  1.2973e-01],
        [-1.1293e-01, -3.1465e-01, -2.7265e-01,  ..., -1.1792e-01,
         -1.9351e-01, -8.7430e-02],
        [ 2.7877e-01, -9.9621e-02,  7.3188e-01,  ...,  1.5546e-01,
          1.6609e-01, -2.5457e-01],
        ...,
        [-6.6229e-02,  2.3499e-01,  3.9695e-01,  ...,  1.8683e-01,
         -3.7090e-02, -2.2337e-03],
        [ 1.3859e-01,  3.0976e-01,  3.7224e-01,  ..., -2.7451e-02,
          7.2865e-04,  3.2534e-02],
        [-5.4838e-02,  1.4002e-02, -2.0389e-01,  ...,  2.6322e-01,
          1.7082e-01,  1.1620e-01]], device='cuda:0', requires_grad=True)
seq_encoders.1.bias_ih_l0Parameter containing:
tensor([-0.1638,  0.2214, -0.1565,  0.0855,  0.0616,  0.4582, -0.2574, -0.1014,
         0.1952, -0.1620,  0.0564, -0.2035,  0.0025, -0.0766, -0.6385,  0.0078,
         0.3249, -0.0764, -0.1569, -0.2342,  0.1770, -0.4631, -0.2261, -0.0669,
        -0.1638, -0.0093, -0.1799,  0.0079,  0.2334, -0.1486,  0.1662, -0.1634,
         0.2055,  0.1669, -0.0452,  0.1669,  0.4319, -0.2238, -0.1432,  0.3552,
         0.2898, -0.3837, -0.0881, -0.1822,  0.1391, -0.3515, -0.4715,  0.2216,
        -0.3637,  0.1282,  0.0508,  0.4480,  0.2447, -0.1590,  0.1074, -0.0380,
        -0.2025,  0.4384, -0.2377, -0.1226, -0.2325, -0.0320, -0.0072, -0.2110,
         0.3464,  0.5018,  0.9744,  0.4753,  0.3812,  0.8149,  0.7369,  0.7385,
         0.2678,  0.1837, -0.5026,  0.1404,  0.3695,  0.0805,  0.6737, -0.0078,
         0.4849,  0.3349,  0.0841,  0.6975,  0.7052,  0.2198,  0.6842,  0.2636,
         0.4232,  0.4312,  0.3568, -0.5203,  0.2792, -0.0132,  0.3490, -0.2277,
         0.3510,  0.7987,  0.5645,  0.4568,  0.5763,  0.5428,  0.3748,  0.4330,
        -0.0510,  0.0362,  0.2710,  0.1200,  0.0912,  0.3018,  0.3051,  0.5251,
         0.0418, -0.3043,  0.2431,  0.4576,  0.2474, -0.1364,  0.7395,  0.1938,
         0.4572,  0.3617,  1.1781,  0.4945,  0.2870,  0.5058,  0.6782,  0.5954,
        -0.3907, -0.3118, -0.3853, -0.1894, -0.0594, -0.6206, -0.1278, -0.0633,
        -0.4663, -0.3757,  0.2427, -0.2136, -0.1564, -0.2837, -0.0662,  0.3749,
        -0.2743, -0.1176, -0.2715, -0.1535, -0.3262, -0.1980, -0.0500, -0.5443,
        -0.0579,  0.0124, -0.2578,  0.3101,  0.2080, -0.1687, -0.4154,  0.4017,
        -0.2486, -0.4658, -0.0176, -0.4170, -0.1854,  0.0311, -0.1930, -0.0805,
        -0.4912,  0.1194,  0.0238, -0.2744, -0.3552, -0.1509, -0.1987, -0.6465,
         0.3234,  0.4088, -0.3544, -0.5746, -0.5068,  0.3675, -0.4131,  0.0196,
        -0.1254, -0.6363, -0.6573, -0.1636, -0.1459, -0.3579, -0.2664,  0.0284],
       device='cuda:0', requires_grad=True)
seq_encoders.1.bias_hh_l0Parameter containing:
tensor([ 5.1951e-03,  9.1069e-02, -2.1198e-01,  7.0439e-02, -8.4768e-02,
         4.6634e-01, -1.6903e-01, -2.4744e-01,  2.1780e-01, -2.0826e-01,
        -1.0254e-02, -2.1524e-01,  9.2372e-02, -1.3683e-01, -6.4055e-01,
        -1.0057e-01,  3.6969e-01,  2.4867e-02, -1.8463e-01, -4.2900e-01,
         1.7035e-02, -4.1257e-01, -2.2529e-01, -2.2049e-02, -2.2287e-01,
         8.0544e-02, -1.7710e-01, -5.3916e-02,  7.7883e-02, -6.1031e-03,
         1.1197e-01, -1.0382e-02,  9.7179e-02,  2.2547e-01, -1.5653e-01,
         1.3119e-01,  3.3759e-01, -1.5829e-01, -1.9436e-01,  3.5464e-01,
         2.9663e-01, -3.6002e-01, -3.8847e-02, -9.9800e-02,  1.7731e-01,
        -3.1850e-01, -3.5869e-01,  3.8541e-01, -2.1638e-01, -1.8186e-02,
         1.2330e-01,  3.8913e-01,  3.1271e-01,  5.8992e-02,  9.3006e-02,
        -3.6039e-02, -4.1614e-01,  3.5446e-01, -2.0129e-01, -1.8828e-01,
        -3.0486e-01,  5.0356e-02, -1.2099e-01, -2.0133e-01,  5.2608e-01,
         5.1200e-01,  8.1314e-01,  4.4576e-01,  3.8709e-01,  8.1574e-01,
         5.9521e-01,  5.4531e-01,  2.1529e-01,  4.1018e-01, -5.0746e-01,
         1.4104e-01,  4.5563e-01,  9.0385e-02,  7.2452e-01, -1.5320e-04,
         5.2081e-01,  5.0429e-01,  2.5560e-01,  6.9884e-01,  5.0367e-01,
         2.7030e-01,  6.1706e-01,  3.3257e-01,  4.9422e-01,  5.3313e-01,
         4.1554e-01, -4.6986e-01,  3.2406e-01, -2.7885e-02,  2.6943e-01,
        -4.4585e-01,  4.4120e-01,  8.5694e-01,  5.8788e-01,  6.6447e-01,
         4.9387e-01,  5.2606e-01,  3.4369e-01,  2.7110e-01, -1.2232e-01,
        -1.8806e-01,  3.3047e-01,  8.1635e-02,  2.3155e-01,  3.3460e-01,
         2.5744e-01,  3.7517e-01,  2.0340e-02, -1.1062e-01,  3.4238e-01,
         4.3152e-01,  1.2108e-01, -1.6295e-01,  7.7679e-01,  1.0942e-01,
         3.2677e-01,  3.7615e-01,  1.3027e+00,  5.2254e-01,  3.6952e-01,
         4.1871e-01,  5.6595e-01,  6.9747e-01, -3.4643e-01, -2.5084e-01,
        -6.1134e-03, -1.1663e-01,  1.3165e-01, -7.6869e-01,  1.0571e-02,
         1.2944e-01, -4.0362e-01, -2.0877e-01,  5.3793e-01,  1.1248e-01,
        -1.0591e-01, -2.2819e-01,  4.3764e-02,  4.9068e-01, -7.4247e-01,
        -5.0470e-02, -8.6453e-02,  3.6860e-02, -1.6973e-02, -2.7809e-01,
        -4.8738e-02, -3.1407e-02, -4.2113e-01,  5.8077e-01,  1.1635e-01,
         4.4694e-01,  2.8184e-01, -2.9280e-02, -2.4032e-01,  2.6081e-01,
        -2.1253e-01, -3.4162e-01,  1.1642e-01, -4.2500e-01, -3.3848e-01,
         3.1901e-01, -1.2143e-01, -2.6880e-01, -3.0009e-01,  2.4574e-01,
         6.8409e-03, -2.6027e-01, -4.2698e-01, -1.8970e-01,  2.0745e-01,
        -5.4087e-01,  4.4055e-01,  4.5651e-01, -2.0773e-01, -6.3800e-01,
        -2.9808e-01,  3.9510e-01, -4.3941e-01,  1.1010e-01,  3.3081e-02,
        -5.0350e-01, -6.2215e-01,  5.1068e-02, -2.3412e-01, -1.1218e-01,
        -1.7660e-01,  2.3448e-02], device='cuda:0', requires_grad=True)
seq_encoders.2.weight_ih_l0Parameter containing:
tensor([[-0.3051, -0.0757, -0.1692,  ...,  0.5798, -0.0994, -0.0947],
        [-0.4113,  0.2147,  0.4080,  ...,  0.1456, -0.3983, -0.1540],
        [-0.1519,  0.0373, -0.0063,  ..., -0.2548,  0.2295, -0.4038],
        ...,
        [ 0.0153, -0.4767,  0.5544,  ...,  0.4329,  0.0499,  0.5173],
        [-0.6364, -0.0085, -0.0160,  ...,  0.0574, -0.0780, -0.0694],
        [ 0.4260,  0.1551, -0.1106,  ..., -0.1766,  0.4026, -0.1932]],
       device='cuda:0', requires_grad=True)
seq_encoders.2.weight_hh_l0Parameter containing:
tensor([[ 0.0229, -0.0820,  0.0928,  ..., -0.1318, -0.8689,  0.3882],
        [-0.1171,  0.6240, -0.2199,  ..., -0.3556, -0.1417, -0.9518],
        [ 0.2769, -0.0726, -0.2738,  ..., -0.0912,  0.0403, -0.5678],
        ...,
        [-0.3089, -0.0201, -0.0585,  ...,  0.2735, -0.0016,  0.9500],
        [-0.9210,  0.2441,  0.0841,  ...,  0.1934,  0.3767,  0.1033],
        [ 0.1459, -0.4098,  0.2744,  ...,  0.0752,  0.1813,  0.0338]],
       device='cuda:0', requires_grad=True)
seq_encoders.2.bias_ih_l0Parameter containing:
tensor([-3.5698e-01, -3.8190e-02,  9.8468e-01,  1.6308e-01, -2.7127e-01,
        -2.1056e-01, -3.8877e-01, -1.1608e-01,  2.1492e-01, -1.5143e-01,
        -1.2775e-01,  1.1044e+00, -3.9055e-01, -6.1684e-01, -2.0621e-01,
        -1.7020e-01, -2.6363e-01, -9.5889e-02, -2.9293e-01, -5.4432e-01,
         1.1547e-02, -1.0275e-01, -3.8841e-01,  4.5855e-01,  3.1904e-02,
        -9.0945e-02, -5.5232e-01, -3.3514e-01, -5.5296e-01,  6.0616e-03,
         8.3885e-01, -3.2943e-01, -5.0608e-01, -2.9788e-01,  8.2216e-03,
        -1.3669e-01,  8.6148e-01,  2.3449e-02, -2.8547e-01,  1.3121e+00,
        -3.0139e-02, -2.8560e-01, -4.3081e-01, -4.5230e-01, -3.0103e-01,
        -2.9880e-01, -2.9219e-01, -1.2630e-02,  1.0840e-01,  2.8847e-01,
        -2.2281e-01, -2.3354e-01, -4.2890e-01, -6.2968e-01, -1.3583e-01,
        -2.8879e-01, -3.9514e-01, -7.2938e-02, -3.8082e-01, -7.6118e-01,
        -5.5901e-01,  2.4345e-01, -3.3577e-01,  2.0216e-01,  3.3671e-01,
         7.4758e-01, -4.2258e-01,  5.0163e-01,  2.3901e-01,  7.0022e-01,
         3.2964e-01,  1.3548e-01,  3.6782e-01,  3.7543e-01,  4.7760e-02,
        -2.8417e-01,  2.9806e-01, -2.5834e-02,  1.8993e-01,  2.8296e-01,
         4.1841e-01,  6.0264e-01,  8.0329e-01,  2.6114e-01,  5.5804e-01,
         2.9255e-02,  2.7241e-01,  4.7618e-01,  5.7724e-01,  5.9425e-01,
         5.6970e-01,  4.9919e-01,  1.5340e-01,  1.3205e-01, -1.0291e-03,
         3.6801e-01,  1.0851e+00,  3.8871e-01,  8.8634e-01,  2.0587e-01,
        -5.9593e-01,  3.6467e-01,  4.3011e-01, -4.2360e-01,  4.2199e-01,
         2.6994e-01,  8.4108e-02,  5.2439e-01,  1.5845e-01,  7.4913e-01,
         3.8808e-01,  7.0271e-01,  5.8107e-01,  4.6376e-01,  6.0193e-01,
         1.6044e+00,  9.2755e-01,  3.1196e-01,  5.2769e-01,  5.5549e-01,
         4.4153e-01,  3.6455e-01,  1.0619e+00,  4.4062e-01,  2.5471e-01,
         5.6685e-01,  4.5977e-01,  2.5103e-01,  2.4334e-01, -6.3365e-02,
        -1.2770e+00,  1.8352e-01,  1.3704e-01, -2.0484e-02,  1.2450e-01,
         1.1166e-01,  9.6614e-02, -4.5405e-02,  3.1184e-01, -1.2476e+00,
        -1.0262e-01,  1.6704e-01,  1.4359e-01,  3.3887e-01, -2.7288e-02,
        -6.8359e-02, -2.2865e-01,  2.7597e-01, -6.6708e-03,  3.1462e-01,
         1.3615e-01,  1.5677e-01, -5.6243e-02, -1.4100e-02,  2.6639e-02,
        -1.6223e-01,  1.7667e-01,  3.1122e-01, -8.9309e-01, -8.1337e-03,
        -1.1482e-01,  1.0529e-01, -2.8493e-01, -1.9460e-01, -1.1601e+00,
        -2.2735e-02,  1.1925e-01, -1.3149e+00,  7.7461e-03, -5.7044e-02,
        -6.9131e-03,  1.6143e-01,  1.4800e-01, -2.0491e-01, -6.9185e-02,
        -2.9749e-02, -2.6299e-01,  1.1373e-01, -8.5844e-02,  9.8312e-03,
        -1.8504e-01, -2.7669e-02, -4.1655e-02, -7.3311e-02,  7.3297e-02,
         4.9788e-03, -1.1972e-01,  4.2465e-02,  1.8998e-01,  1.5130e-01,
         8.7970e-03,  3.5813e-01], device='cuda:0', requires_grad=True)
seq_encoders.2.bias_hh_l0Parameter containing:
tensor([-4.0724e-01, -1.3028e-01,  8.8915e-01,  7.8585e-02, -1.7941e-01,
        -1.6427e-01, -3.8339e-01, -1.3340e-01,  1.7492e-01, -3.8001e-01,
        -2.7655e-01,  1.2724e+00, -3.6316e-01, -4.4164e-01, -3.8417e-01,
        -2.4810e-01, -1.8445e-01, -1.2919e-01, -1.7900e-01, -5.2243e-01,
         7.8563e-02, -5.9450e-02, -2.5184e-01,  2.7651e-01, -7.2879e-02,
        -1.5154e-01, -5.2909e-01, -3.2669e-01, -4.9971e-01, -1.5812e-01,
         6.8286e-01, -3.7090e-01, -3.2422e-01, -1.6940e-01, -1.1334e-01,
        -2.1574e-01,  8.2809e-01, -3.9265e-02, -3.0423e-01,  1.3318e+00,
        -4.4877e-02, -3.3066e-01, -2.8854e-01, -4.4806e-01, -2.9026e-01,
        -2.5601e-01, -1.4305e-01, -3.1440e-02,  2.1829e-01,  1.7650e-01,
        -4.3364e-01, -1.7274e-01, -4.1670e-01, -5.0801e-01, -7.4553e-02,
        -1.7491e-01, -3.9420e-01, -1.0105e-01, -2.3922e-01, -6.0345e-01,
        -5.0487e-01,  2.5890e-01, -3.9212e-01,  9.5663e-02,  3.5068e-01,
         6.1697e-01, -4.9358e-01,  6.0149e-01,  3.9193e-01,  8.4766e-01,
         3.0822e-01,  2.4914e-01,  3.8396e-01,  4.8713e-01,  4.1452e-02,
        -2.8904e-01,  2.5221e-01,  5.2375e-02,  2.0641e-01,  9.2057e-02,
         2.4366e-01,  6.2607e-01,  8.6889e-01,  2.3474e-01,  4.8072e-01,
         1.4642e-01,  1.8784e-01,  3.3856e-01,  5.5840e-01,  4.7927e-01,
         4.6056e-01,  7.0417e-01,  2.4040e-01,  2.8255e-01, -2.6369e-02,
         4.6585e-01,  1.1360e+00,  2.0808e-01,  8.5664e-01,  2.2759e-02,
        -5.3882e-01,  2.8614e-01,  3.9250e-01, -5.4027e-01,  3.0957e-01,
         2.8314e-01,  1.3707e-01,  5.7630e-01,  2.8820e-02,  6.4525e-01,
         3.4058e-01,  7.2575e-01,  5.2708e-01,  4.2251e-01,  6.9170e-01,
         1.6171e+00,  8.7234e-01,  3.4640e-01,  3.5820e-01,  5.1334e-01,
         5.3935e-01,  3.4724e-01,  1.1024e+00,  5.9743e-01,  3.8529e-01,
         6.0510e-01,  5.1401e-01,  3.2873e-01,  3.0409e-01,  5.9458e-02,
        -1.1614e+00, -1.1492e-01, -2.4862e-02,  3.8280e-02,  1.4001e-01,
         2.5986e-01,  1.1198e-02,  1.8862e-01,  2.5377e-01, -1.1875e+00,
         3.5464e-01,  9.3762e-02, -5.5273e-02,  3.8109e-03,  1.6614e-01,
         6.0220e-03,  5.5443e-02,  2.7597e-04,  1.2558e-01,  2.9032e-01,
        -3.8160e-02,  2.2478e-01,  7.6886e-02,  6.5877e-02, -6.2028e-02,
        -4.8062e-02, -4.9084e-02,  2.1325e-01, -8.6733e-01,  6.8325e-02,
        -2.1396e-02,  1.7455e-01, -2.4308e-01,  3.6248e-03, -1.0040e+00,
         4.1989e-03,  1.5694e-01, -1.2920e+00,  5.9385e-02, -2.3922e-02,
         1.4048e-01, -1.3665e-02,  1.3025e-01,  8.4120e-02,  6.0510e-02,
        -2.5509e-03, -2.0942e-01,  5.7034e-02,  5.3049e-02, -4.1954e-02,
        -1.0152e-01,  1.8391e-01,  1.6414e-01,  1.0741e-01, -1.9787e-01,
         1.4621e-01, -3.1435e-02,  5.1538e-02,  1.4695e-01,  1.9380e-01,
         2.0024e-02,  2.4090e-01], device='cuda:0', requires_grad=True)
query.1.weightParameter containing:
tensor([[-0.5462, -0.3896, -0.2774,  ..., -0.3374,  0.1608,  0.4545],
        [ 0.2741, -0.0092, -0.1979,  ..., -0.1160, -0.0930, -0.0108],
        [-0.6812, -0.2552, -0.3805,  ..., -1.4007, -0.3029, -0.5383],
        ...,
        [-0.3408, -1.1320, -0.1076,  ..., -0.1749, -0.1295, -0.5201],
        [-0.1941, -0.7874, -0.0295,  ..., -0.2794, -0.2692, -0.5775],
        [-0.1823, -0.8099, -0.0851,  ..., -0.3420, -0.3041, -0.5566]],
       device='cuda:0', requires_grad=True)
query.1.biasParameter containing:
tensor([ 0.4523,  0.1483,  0.2495, -0.1660, -0.0896,  0.4482,  0.1605, -0.0941,
         0.2862,  0.1204,  0.3171, -0.1322,  0.0479, -0.1400,  0.0809, -0.1294,
         0.2465,  0.0809,  0.2921,  0.1470,  0.2103, -0.0960,  0.1344,  0.0067,
        -0.1173,  0.0272, -0.0610,  0.3583,  0.0318,  0.0149, -0.2354, -0.1348,
         0.0177, -0.0230,  0.2874,  0.3297,  0.2135,  0.0700,  0.1048,  0.1934,
        -0.4366,  0.4586, -0.3202,  0.1436,  0.0241,  0.7590,  0.4937,  0.0240,
         0.0123, -0.0116,  0.2297,  0.8889,  0.2404,  0.1242,  0.6393, -0.0715,
         0.1559,  0.2395,  0.4980,  1.2170,  1.0836,  0.4828,  0.1029, -0.0400,
         0.5965,  0.2732,  0.1942,  0.0935,  0.1035, -0.0516, -0.0841,  0.9144,
         0.5344, -0.2629,  0.2529,  0.9581,  0.5777,  0.1502,  0.4601,  0.3550,
         0.6003,  1.2433,  0.3571,  0.2658,  0.8590,  0.6408,  0.4702,  0.1692,
         0.4790,  0.4692,  0.6246,  1.2224,  0.2015, -0.0108,  1.0823,  0.5990,
         1.3579,  0.8403,  0.2554,  1.1964,  0.2385,  0.3247,  0.7119,  0.1091,
         0.5602,  1.1586,  1.0958,  0.8841,  0.7986,  1.1508,  0.8552,  0.9845,
         1.3442,  1.1706,  1.0205,  1.2557,  0.8971,  1.0938,  0.9455,  0.9784,
        -0.0578,  0.8176,  0.5345,  1.0751,  0.1866, -0.8255, -1.3532, -1.5082,
        -2.1281, -2.0820], device='cuda:0', requires_grad=True)
review.c1_high_limitParameter containing:
tensor([0.1985, 0.2883], device='cuda:0', dtype=torch.float64,
       requires_grad=True)
review.c1_low_limitParameter containing:
tensor([0.0797, 0.1176], device='cuda:0', dtype=torch.float64,
       requires_grad=True)
review.c1_minus_weightParameter containing:
tensor(1.5455, device='cuda:0', requires_grad=True)
review.c1_plus_weightParameter containing:
tensor(2.1012, device='cuda:0', requires_grad=True)
